-0.333481
-0.621420
-0.906372
-1.187291
-1.464206
-1.735995
-2.000210
-2.254431
-2.495460
-2.718685
-2.920066
-3.094257
-3.236841
-3.342546
-3.407990
-3.429374
-3.405062
-3.333973
-3.216421
-3.054363
-2.850144
-2.607975
-2.332676
-2.029653
-1.704214
-1.362063
-1.009457
-0.650722
-0.290768
0.066239
0.416538
0.756886
1.084973
1.398452
1.694938
1.972742
2.229746
2.463563
2.672052
2.852742
3.002735
3.118489
3.197941
3.238197
3.236943
3.193313
3.106402
2.977016
2.806812
2.598458
2.356134
2.084319
1.788609
1.475469
1.151187
0.822417
0.494836
0.174439
-0.134354
-0.428054
-0.703781
-0.959478
-1.194755
-1.410496
-1.606639
-1.784926
-1.946475
-2.092965
-2.225140
-2.343507
-2.448395
-2.539403
-2.614599
-2.672537
-2.711148
-2.727170
-2.717993
-2.680166
-2.611020
-2.508060
-2.369676
-2.194283
-1.982215
-1.734632
-1.453467
-1.142654
-0.807436
-0.453963
-0.088936
0.279812
0.643773
0.994727
1.324610
1.626901
1.894609
2.122386
2.307520
2.448132
2.544368
2.598136
2.611955
2.590815
2.539501
2.463144
2.367916
2.258793
2.139984
2.014090
1.883093
1.747673
1.606719
1.458595
1.300871
1.130316
0.944402
0.740838
0.517763
0.275596
0.015192
-0.260467
-0.547787
-0.842284
-1.137839
-1.428159
-1.707281
-1.968884
-2.208196
-2.420643
-2.602958
-2.753429
-2.870172
-2.953953
-3.004967
-3.024745
-3.014681
-2.976394
-2.911225
-2.820270
-2.703547
-2.561436
-2.394018
-2.200768
-1.981882
-1.737463
-1.468590
-1.176632
-0.864151
-0.532717
-0.186386
0.170345
0.533019
0.896744
1.255458
1.604604
1.938448
2.252384
2.541101
2.800514
3.026769
3.217221
3.368075
3.477159
3.543061
3.564187
3.539860
3.469863
3.353848
3.193900
2.991885
2.751240
2.475841
2.171544
1.843921
1.499432
1.145194
0.788390
0.435808
0.093473
-0.233063
-0.539777
-0.823976
-1.083640
-1.319059
-1.530516
-1.719930
-1.889153
-2.041083
-2.177810
-2.300471
-2.409762
-2.505374
-2.585671
-2.648876
-2.691795
-2.710325
-2.700808
-2.659502
-2.583868
-2.471857
-2.322426
-2.135979
-1.914239
-1.659772
-1.376755
-1.069976
-0.744869
-0.407524
-0.063293
0.282509
0.624981
0.959275
1.281566
1.587684
1.875400
2.141218
2.382264
2.596323
2.781398
2.935261
3.056915
3.144782
3.198383
3.217328
3.201952
3.153491
3.074078
2.966003
2.832016
2.676110
2.501235
2.310849
2.107961
1.894112
1.671701
1.441337
1.203357
0.957303
0.702788
0.439300
0.166292
-0.116043
-0.407131
-0.705392
-1.008021
-1.311329
-1.610760
-1.901302
-2.176544
-2.430454
-2.656509
-2.849093
-3.003186
-3.114437
-3.179708
-3.197486
-3.167323
-3.090328
-2.968778
-2.806842
-2.608433
-2.378591
-2.122677
-1.845957
-1.554190
-1.252344
-0.944984
-0.636077
-0.329558
-0.028043
0.265846
0.549705
0.821611
1.080046
1.323454
1.550415
1.759438
1.948175
2.115677
2.260106
2.380290
2.474840
2.543123
2.584246
2.598475
2.585859
2.547348
2.484331
2.397776
2.289444
2.161279
2.015056
1.852898
1.676046
1.485384
1.281877
1.065863
0.837498
0.597072
0.345299
0.082728
-0.189109
-0.467939
-0.750743
-1.033965
-1.313283
-1.583404
-1.839088
-2.074426
-2.284280
-2.463468
-2.607999
-2.714657
-2.782021
-2.809797
-2.798606
-2.750628
-2.668393
-2.555766
-2.415939
-2.252227
-2.067848
-1.865378
-1.646602
-1.412961
-1.165949
-0.905382
-0.632476
-0.348794
-0.055551
0.244053
0.546854
0.848383
1.143685
1.426953
1.692925
1.935972
2.151852
2.336856
2.488919
2.607366
2.692141
2.745440
2.768833
2.766163
2.739911
2.692152
2.624637
2.538220
2.432370
2.306437
2.158163
1.985133
1.786564
1.560307
1.306652
1.026985
0.723725
0.401595
0.065611
-0.277176
-0.620342
-0.955858
-1.278275
-1.581663
-1.861991
-2.116901
-2.345880
-2.548502
-2.726500
-2.880644
-3.012814
-3.123134
-3.211682
-3.276867
-3.316651
-3.327079
-3.303911
-3.242028
-3.137749
-2.988313
-2.791039
-2.547251
-2.259206
-1.932149
-1.573413
-1.190836
-0.794697
-0.395050
-0.000873
0.378848
0.738133
1.071957
1.377548
1.654218
1.903191
2.126793
2.328086
2.510126
2.674667
2.823291
2.956196
3.070935
3.164903
3.233635
3.272605
3.276598
3.240852
3.162130
3.038313
2.869289
2.656199
2.402884
2.114422
1.797643
1.460411
1.110725
0.756194
0.403959
0.061729
-0.265807
-0.574387
-0.861483
-1.126108
-1.368248
-1.588829
-1.788934
-1.971281
-2.136514
-2.287018
-2.422612
-2.543669
-2.648197
-2.734834
-2.799886
-2.840271
-2.851616
-2.830176
-2.772061
-2.674693
-2.536116
-2.356015
-2.134809
-1.875253
-1.581323
-1.258962
-0.915514
-0.558687
-0.197321
0.160122
0.505803
0.832338
1.134959
1.407949
1.649389
1.858365
2.034962
2.181678
2.300597
2.394775
2.467201
2.520931
2.558257
2.580527
2.588294
2.580245
2.555009
2.510623
2.444476
2.354012
2.237430
2.093431
1.921167
1.721172
1.494788
1.244356
0.972840
0.683651
0.381402
0.070246
-0.245519
-0.561951
-0.875783
-1.183368
-1.481238
-1.766830
-2.036711
-2.288245
-2.518420
-2.724219
-2.902522
-3.050328
-3.164138
-3.241617
-3.280427
-3.279285
-3.237572
-3.156258
-3.036391
-2.880778
-2.692634
-2.475976
-2.235597
-1.975781
-1.701241
-1.415882
-1.123352
-0.826386
-0.526871
-0.226427
0.074682
0.375609
0.676100
0.975170
1.271753
1.563899
1.848846
2.122587
2.381080
2.618270
2.829048
3.008283
3.151056
3.252830
3.310426
3.321978
3.286846
3.206094
3.081638
2.916352
2.713965
2.478298
2.213719
1.924322
1.614353
1.286763
0.945882
0.593768
0.233267
-0.132426
-0.500148
-0.866568
-1.227316
-1.577739
-1.912341
-2.225109
-2.510687
-2.763187
-2.977474
-3.148998
-3.274298
-3.352673
-3.383187
-3.367412
-3.308784
-3.211177
-3.080294
-2.921435
-2.740487
-2.542615
-2.332648
-2.114076
-1.888713
-1.658198
-1.422003
-1.179068
-0.928128
-0.667395
-0.395837
-0.112045
0.183293
0.489149
0.802389
1.119920
1.436058
1.745616
2.041897
2.318590
2.569041
2.788069
2.970200
3.111734
3.210108
3.263404
3.271494
3.234590
3.154168
3.032570
2.872003
2.675544
2.445174
2.184688
1.897486
1.586614
1.255706
0.908468
0.549866
0.183390
-0.185684
-0.552508
-0.912239
-1.260139
-1.590661
-1.900224
-2.184786
-2.440642
-2.665187
-2.856652
-3.013280
-3.134995
-3.220891
-3.270661
-3.285518
-3.265447
-3.210919
-3.122938
-3.001873
-2.848923
-2.665117
-2.451921
-2.211491
-1.945613
-1.657919
-1.351106
-1.029583
-0.697301
-0.359253
-0.020459
0.314787
0.640921
0.953696
1.248979
1.523428
1.774450
1.999609
2.198227
2.369249
2.512890
2.628904
2.718733
2.782763
2.822762
2.839186
2.833217
2.805071
2.755989
2.685301
2.593548
2.481080
2.347102
2.191875
2.015787
1.819208
1.603593
1.369864
1.121226
0.858964
0.586912
0.307733
0.025443
-0.256770
-0.535421
-0.806165
-1.066721
-1.313974
-1.545374
-1.758375
-1.951247
-2.122383
-2.269965
-2.392723
-2.489492
-2.558922
-2.600390
-2.612606
-2.595373
-2.547678
-2.469539
-2.360781
-2.222531
-2.055931
-1.862595
-1.644676
-1.404458
-1.145038
-0.869466
-0.580680
-0.281859
0.023758
0.332846
0.642357
0.949102
1.249595
1.540084
1.817471
2.077675
2.317291
2.532774
2.720633
2.878337
3.002881
3.092542
3.146230
3.163762
3.145125
3.091930
3.005755
2.888502
2.742772
2.570666
2.374317
2.156515
1.918448
1.662367
1.390279
1.103704
0.804688
0.495370
0.178344
-0.142546
-0.464009
-0.781152
-1.090210
-1.386108
-1.664851
-1.921677
-2.153537
-2.357475
-2.530732
-2.672549
-2.782118
-2.860248
-2.906771
-2.922845
-2.909444
-2.866761
-2.795521
-2.696554
-2.569628
-2.415593
-2.234554
-2.027373
-1.795238
-1.540612
-1.265173
-0.972867
-0.667877
-0.354502
-0.038174
0.276400
0.584463
0.881727
1.163884
1.427945
1.671609
1.893210
2.091810
2.266967
2.418642
2.547144
2.652925
2.735591
2.795043
2.830456
2.840800
2.824985
2.781949
2.710109
2.608670
2.476673
2.313686
2.121006
1.899116
1.649455
1.374528
1.077309
0.761009
0.429900
0.088168
-0.259154
-0.607069
-0.950281
-1.282999
-1.601018
-1.898387
-2.170547
-2.413108
-2.621931
-2.793864
-2.926624
-3.018116
-3.067785
-3.075290
-3.041367
-2.967406
-2.856126
-2.709851
-2.532915
-2.328999
-2.102809
-1.858598
-1.601278
-1.335548
-1.066230
-0.797287
-0.532710
-0.275197
-0.027570
0.208757
0.432497
0.643800
0.842627
1.029618
1.206280
1.372798
1.530710
1.681730
1.826228
1.963158
2.092633
2.213277
2.323321
2.420272
2.501176
2.563003
2.602944
2.617820
2.604656
2.561122
2.485344
2.376484
2.234395
2.059931
1.854302
1.620144
1.360119
1.077982
0.778444
0.465566
0.144240
-0.180846
-0.504321
-0.821255
-1.126655
-1.416458
-1.686312
-1.932889
-2.153941
-2.347007
-2.510798
-2.643632
-2.745887
-2.817026
-2.857993
-2.869476
-2.853277
-2.810220
-2.742086
-2.649725
-2.534959
-2.399035
-2.243283
-2.068505
-1.875620
-1.665723
-1.439921
-1.199049
-0.944356
-0.677257
-0.399824
-0.114469
0.175062
0.465367
0.751959
1.030222
1.295380
1.542475
1.766542
1.963346
2.129643
2.262157
2.359320
2.421167
2.447730
2.440409
2.401969
2.335999
2.245405
2.134394
2.006226
1.863854
1.709748
1.545458
1.371843
1.188545
0.995459
0.791791
0.576651
0.348878
0.108079
-0.145470
-0.411005
-0.686350
-0.969271
-1.256077
-1.542650
-1.824420
-2.096299
-2.352949
-2.589003
-2.799928
-2.980856
-3.127633
-3.237193
-3.305971
-3.331658
-3.311908
-3.246432
-3.134975
-2.978423
-2.778596
-2.538660
-2.261832
-1.953164
-1.617869
-1.262804
-0.894065
-0.518671
-0.143430
0.225315
0.581688
0.919936
1.235416
1.524944
1.785782
2.015977
2.214566
2.380250
2.513247
2.614205
2.683436
2.722113
2.730294
2.709135
2.659326
2.582534
2.480402
2.354336
2.206828
2.040115
1.857700
1.662130
1.456189
1.241985
1.021409
0.796232
0.566490
0.331972
0.092644
-0.152670
-0.405498
-0.665733
-0.933376
-1.207614
-1.486450
-1.766203
-2.041746
-2.306525
-2.553369
-2.774936
-2.962417
-3.108831
-3.207339
-3.253315
-3.243676
-3.177280
-3.055979
-2.883742
-2.665926
-2.410298
-2.124184
-1.816479
-1.495533
-1.169307
-0.844901
-0.527655
-0.221588
0.069969
0.346423
0.607085
0.852192
1.082248
1.298727
1.501871
1.692237
1.869711
2.034998
2.187158
2.325577
2.449658
2.558642
2.651502
2.727235
2.784004
2.820960
2.836540
2.828614
2.795031
2.733388
2.641126
2.515804
2.356451
2.161979
1.932495
1.669344
1.375345
1.055096
0.713660
0.357119
-0.006860
-0.371135
-0.728178
-1.070557
-1.392535
-1.688413
-1.953927
-2.187319
-2.386301
-2.550942
-2.680776
-2.776796
-2.840164
-2.871386
-2.871317
-2.841233
-2.781846
-2.693802
-2.578516
-2.437551
-2.273070
-2.087594
-1.883847
-1.665868
-1.436962
-1.200846
-0.961378
-0.721389
-0.483798
-0.250477
-0.022461
0.200051
0.417338
0.630356
0.839684
1.046488
1.250896
1.451747
1.648514
1.839522
2.021811
2.191590
2.344880
2.478042
2.586606
2.667340
2.716729
2.732865
2.714219
2.660136
2.570299
2.446275
2.289343
2.101871
1.886071
1.645491
1.382806
1.101452
0.805178
0.497462
0.182125
-0.137616
-0.457259
-0.773016
-1.081617
-1.378999
-1.661764
-1.926371
-2.170621
-2.391516
-2.587590
-2.757225
-2.898637
-3.011619
-3.094578
-3.147166
-3.168433
-3.157771
-3.114627
-3.038852
-2.929653
-2.787720
-2.612696
-2.405724
-2.168227
-1.902031
-1.609451
-1.293537
-0.957667
-0.606506
-0.243337
0.126460
0.497673
0.865666
1.224888
1.571277
1.899517
2.205890
2.485680
2.735163
2.950874
3.130105
3.270348
3.370093
3.429033
3.447885
3.427836
3.369724
3.276201
3.150244
2.994879
2.813613
2.609182
2.384472
2.141784
1.883489
1.610458
1.325103
1.027877
0.720546
0.404257
0.080827
-0.247442
-0.577510
-0.905413
-1.226381
-1.535260
-1.826619
-2.094312
-2.332846
-2.537494
-2.703695
-2.828428
-2.909291
-2.945790
-2.938496
-2.889544
-2.801852
-2.679458
-2.527565
-2.351253
-2.156224
-1.948766
-1.734259
-1.517673
-1.304492
-1.098305
-0.903434
-0.722486
-0.558015
-0.411909
-0.285319
-0.178552
-0.091648
-0.023753
0.026005
0.059701
0.079092
0.086238
0.083995
0.074651
0.061157
0.045037
0.028674
0.013156
-0.000416
-0.011384
-0.019185
-0.024148
-0.026082
-0.025777
-0.023542
-0.019998
-0.016282
-0.012657
-0.009382
-0.006602
-0.004335
-0.002659
-0.001510
-0.000885
-0.000248
-0.000190
-0.333481
-0.621420
-0.906372
-1.187291
-1.464206
-1.735995
-2.000210
-2.254431
-2.495460
-2.718685
-2.920066
-3.094257
-3.236841
-3.342546
-3.407990
-3.429374
-3.405062
-3.333973
-3.216421
-3.054363
-2.850144
-2.607975
-2.332676
-2.029653
-1.704214
-1.362063
-1.009457
-0.650722
-0.290768
0.066239
0.416538
0.756886
1.084973
1.398452
1.694938
1.972742
2.229746
2.463563
2.672052
2.852742
3.002735
3.118489
3.197941
3.238197
3.236943
3.193313
3.106402
2.977016
2.806812
2.598458
2.356134
2.084319
1.788609
1.475469
1.151187
0.822417
0.494836
0.174439
-0.134354
-0.428054
-0.703781
-0.959478
-1.194755
-1.410496
-1.606639
-1.784926
-1.946475
-2.092965
-2.225140
-2.343507
-2.448395
-2.539403
-2.614599
-2.672537
-2.711148
-2.727170
-2.717993
-2.680166
-2.611020
-2.508060
-2.369676
-2.194283
-1.982215
-1.734632
-1.453467
-1.142654
-0.807436
-0.453963
-0.088936
0.279812
0.643773
0.994727
1.324610
1.626901
1.894609
2.122386
2.307520
2.448132
2.544368
2.598136
2.611955
2.590815
2.539501
2.463144
2.367916
2.258793
2.139984
2.014090
1.883093
1.747673
1.606719
1.458595
1.300871
1.130316
0.944402
0.740838
0.517763
0.275596
0.015192
-0.260467
-0.547787
-0.842284
-1.137839
-1.428159
-1.707281
-1.968884
-2.208196
-2.420643
-2.602958
-2.753429
-2.870172
-2.953953
-3.004967
-3.024745
-3.014681
-2.976394
-2.911225
-2.820270
-2.703547
-2.561436
-2.394018
-2.200768
-1.981882
-1.737463
-1.468590
-1.176632
-0.864151
-0.532717
-0.186386
0.170345
0.533019
0.896744
1.255458
1.604604
1.938448
2.252384
2.541101
2.800514
3.026769
3.217221
3.368075
3.477159
3.543061
3.564187
3.539860
3.469863
3.353848
3.193900
2.991885
2.751240
2.475841
2.171544
1.843921
1.499432
1.145194
0.788390
0.435808
0.093473
-0.233063
-0.539777
-0.823976
-1.083640
-1.319059
-1.530516
-1.719930
-1.889153
-2.041083
-2.177810
-2.300471
-2.409762
-2.505374
-2.585671
-2.648876
-2.691795
-2.710325
-2.700808
-2.659502
-2.583868
-2.471857
-2.322426
-2.135979
-1.914239
-1.659772
-1.376755
-1.069976
-0.744869
-0.407524
-0.063293
0.282509
0.624981
0.959275
1.281566
1.587684
1.875400
2.141218
2.382264
2.596323
2.781398
2.935261
3.056915
3.144782
3.198383
3.217328
3.201952
3.153491
3.074078
2.966003
2.832016
2.676110
2.501235
2.310849
2.107961
1.894112
1.671701
1.441337
1.203357
0.957303
0.702788
0.439300
0.166292
-0.116043
-0.407131
-0.705392
-1.008021
-1.311329
-1.610760
-1.901302
-2.176544
-2.430454
-2.656509
-2.849093
-3.003186
-3.114437
-3.179708
-3.197486
-3.167323
-3.090328
-2.968778
-2.806842
-2.608433
-2.378591
-2.122677
-1.845957
-1.554190
-1.252344
-0.944984
-0.636077
-0.329558
-0.028043
0.265846
0.549705
0.821611
1.080046
1.323454
1.550415
1.759438
1.948175
2.115677
2.260106
2.380290
2.474840
2.543123
2.584246
2.598475
2.585859
2.547348
2.484331
2.397776
2.289444
2.161279
2.015056
1.852898
1.676046
1.485384
1.281877
1.065863
0.837498
0.597072
0.345299
0.082728
-0.189109
-0.467939
-0.750743
-1.033965
-1.313283
-1.583404
-1.839088
-2.074426
-2.284280
-2.463468
-2.607999
-2.714657
-2.782021
-2.809797
-2.798606
-2.750628
-2.668393
-2.555766
-2.415939
-2.252227
-2.067848
-1.865378
-1.646602
-1.412961
-1.165949
-0.905382
-0.632476
-0.348794
-0.055551
0.244053
0.546854
0.848383
1.143685
1.426953
1.692925
1.935972
2.151852
2.336856
2.488919
2.607366
2.692141
2.745440
2.768833
2.766163
2.739911
2.692152
2.624637
2.538220
2.432370
2.306437
2.158163
1.985133
1.786564
1.560307
1.306652
1.026985
0.723725
0.401595
0.065611
-0.277176
-0.620342
-0.955858
-1.278275
-1.581663
-1.861991
-2.116901
-2.345880
-2.548502
-2.726500
-2.880644
-3.012814
-3.123134
-3.211682
-3.276867
-3.316651
-3.327079
-3.303911
-3.242028
-3.137749
-2.988313
-2.791039
-2.547251
-2.259206
-1.932149
-1.573413
-1.190836
-0.794697
-0.395050
-0.000873
0.378848
0.738133
1.071957
1.377548
1.654218
1.903191
2.126793
2.328086
2.510126
2.674667
2.823291
2.956196
3.070935
3.164903
3.233635
3.272605
3.276598
3.240852
3.162130
3.038313
2.869289
2.656199
2.402884
2.114422
1.797643
1.460411
1.110725
0.756194
0.403959
0.061729
-0.265807
-0.574387
-0.861483
-1.126108
-1.368248
-1.588829
-1.788934
-1.971281
-2.136514
-2.287018
-2.422612
-2.543669
-2.648197
-2.734834
-2.799886
-2.840271
-2.851616
-2.830176
-2.772061
-2.674693
-2.536116
-2.356015
-2.134809
-1.875253
-1.581323
-1.258962
-0.915514
-0.558687
-0.197321
0.160122
0.505803
0.832338
1.134959
1.407949
1.649389
1.858365
2.034962
2.181678
2.300597
2.394775
2.467201
2.520931
2.558257
2.580527
2.588294
2.580245
2.555009
2.510623
2.444476
2.354012
2.237430
2.093431
1.921167
1.721172
1.494788
1.244356
0.972840
0.683651
0.381402
0.070246
-0.245519
-0.561951
-0.875783
-1.183368
-1.481238
-1.766830
-2.036711
-2.288245
-2.518420
-2.724219
-2.902522
-3.050328
-3.164138
-3.241617
-3.280427
-3.279285
-3.237572
-3.156258
-3.036391
-2.880778
-2.692634
-2.475976
-2.235597
-1.975781
-1.701241
-1.415882
-1.123352
-0.826386
-0.526871
-0.226427
0.074682
0.375609
0.676100
0.975170
1.271753
1.563899
1.848846
2.122587
2.381080
2.618270
2.829048
3.008283
3.151056
3.252830
3.310426
3.321978
3.286846
3.206094
3.081638
2.916352
2.713965
2.478298
2.213719
1.924322
1.614353
1.286763
0.945882
0.593768
0.233267
-0.132426
-0.500148
-0.866568
-1.227316
-1.577739
-1.912341
-2.225109
-2.510687
-2.763187
-2.977474
-3.148998
-3.274298
-3.352673
-3.383187
-3.367412
-3.308784
-3.211177
-3.080294
-2.921435
-2.740487
-2.542615
-2.332648
-2.114076
-1.888713
-1.658198
-1.422003
-1.179068
-0.928128
-0.667395
-0.395837
-0.112045
0.183293
0.489149
0.802389
1.119920
1.436058
1.745616
2.041897
2.318590
2.569041
2.788069
2.970200
3.111734
3.210108
3.263404
3.271494
3.234590
3.154168
3.032570
2.872003
2.675544
2.445174
2.184688
1.897486
1.586614
1.255706
0.908468
0.549866
0.183390
-0.185684
-0.552508
-0.912239
-1.260139
-1.590661
-1.900224
-2.184786
-2.440642
-2.665187
-2.856652
-3.013280
-3.134995
-3.220891
-3.270661
-3.285518
-3.265447
-3.210919
-3.122938
-3.001873
-2.848923
-2.665117
-2.451921
-2.211491
-1.945613
-1.657919
-1.351106
-1.029583
-0.697301
-0.359253
-0.020459
0.314787
0.640921
0.953696
1.248979
1.523428
1.774450
1.999609
2.198227
2.369249
2.512890
2.628904
2.718733
2.782763
2.822762
2.839186
2.833217
2.805071
2.755989
2.685301
2.593548
2.481080
2.347102
2.191875
2.015787
1.819208
1.603593
1.369864
1.121226
0.858964
0.586912
0.307733
0.025443
-0.256770
-0.535421
-0.806165
-1.066721
-1.313974
-1.545374
-1.758375
-1.951247
-2.122383
-2.269965
-2.392723
-2.489492
-2.558922
-2.600390
-2.612606
-2.595373
-2.547678
-2.469539
-2.360781
-2.222531
-2.055931
-1.862595
-1.644676
-1.404458
-1.145038
-0.869466
-0.580680
-0.281859
0.023758
0.332846
0.642357
0.949102
1.249595
1.540084
1.817471
2.077675
2.317291
2.532774
2.720633
2.878337
3.002881
3.092542
3.146230
3.163762
3.145125
3.091930
3.005755
2.888502
2.742772
2.570666
2.374317
2.156515
1.918448
1.662367
1.390279
1.103704
0.804688
0.495370
0.178344
-0.142546
-0.464009
-0.781152
-1.090210
-1.386108
-1.664851
-1.921677
-2.153537
-2.357475
-2.530732
-2.672549
-2.782118
-2.860248
-2.906771
-2.922845
-2.909444
-2.866761
-2.795521
-2.696554
-2.569628
-2.415593
-2.234554
-2.027373
-1.795238
-1.540612
-1.265173
-0.972867
-0.667877
-0.354502
-0.038174
0.276400
0.584463
0.881727
1.163884
1.427945
1.671609
1.893210
2.091810
2.266967
2.418642
2.547144
2.652925
2.735591
2.795043
2.830456
2.840800
2.824985
2.781949
2.710109
2.608670
2.476673
2.313686
2.121006
1.899116
1.649455
1.374528
1.077309
0.761009
0.429900
0.088168
-0.259154
-0.607069
-0.950281
-1.282999
-1.601018
-1.898387
-2.170547
-2.413108
-2.621931
-2.793864
-2.926624
-3.018116
-3.067785
-3.075290
-3.041367
-2.967406
-2.856126
-2.709851
-2.532915
-2.328999
-2.102809
-1.858598
-1.601278
-1.335548
-1.066230
-0.797287
-0.532710
-0.275197
-0.027570
0.208757
0.432497
0.643800
0.842627
1.029618
1.206280
1.372798
1.530710
1.681730
1.826228
1.963158
2.092633
2.213277
2.323321
2.420272
2.501176
2.563003
2.602944
2.617820
2.604656
2.561122
2.485344
2.376484
2.234395
2.059931
1.854302
1.620144
1.360119
1.077982
0.778444
0.465566
0.144240
-0.180846
-0.504321
-0.821255
-1.126655
-1.416458
-1.686312
-1.932889
-2.153941
-2.347007
-2.510798
-2.643632
-2.745887
-2.817026
-2.857993
-2.869476
-2.853277
-2.810220
-2.742086
-2.649725
-2.534959
-2.399035
-2.243283
-2.068505
-1.875620
-1.665723
-1.439921
-1.199049
-0.944356
-0.677257
-0.399824
-0.114469
0.175062
0.465367
0.751959
1.030222
1.295380
1.542475
1.766542
1.963346
2.129643
2.262157
2.359320
2.421167
2.447730
2.440409
2.401969
2.335999
2.245405
2.134394
2.006226
1.863854
1.709748
1.545458
1.371843
1.188545
0.995459
0.791791
0.576651
0.348878
0.108079
-0.145470
-0.411005
-0.686350
-0.969271
-1.256077
-1.542650
-1.824420
-2.096299
-2.352949
-2.589003
-2.799928
-2.980856
-3.127633
-3.237193
-3.305971
-3.331658
-3.311908
-3.246432
-3.134975
-2.978423
-2.778596
-2.538660
-2.261832
-1.953164
-1.617869
-1.262804
-0.894065
-0.518671
-0.143430
0.225315
0.581688
0.919936
1.235416
1.524944
1.785782
2.015977
2.214566
2.380250
2.513247
2.614205
2.683436
2.722113
2.730294
2.709135
2.659326
2.582534
2.480402
2.354336
2.206828
2.040115
1.857700
1.662130
1.456189
1.241985
1.021409
0.796232
0.566490
0.331972
0.092644
-0.152670
-0.405498
-0.665733
-0.933376
-1.207614
-1.486450
-1.766203
-2.041746
-2.306525
-2.553369
-2.774936
-2.962417
-3.108831
-3.207339
-3.253315
-3.243676
-3.177280
-3.055979
-2.883742
-2.665926
-2.410298
-2.124184
-1.816479
-1.495533
-1.169307
-0.844901
-0.527655
-0.221588
0.069969
0.346423
0.607085
0.852192
1.082248
1.298727
1.501871
1.692237
1.869711
2.034998
2.187158
2.325577
2.449658
2.558642
2.651502
2.727235
2.784004
2.820960
2.836540
2.828614
2.795031
2.733388
2.641126
2.515804
2.356451
2.161979
1.932495
1.669344
1.375345
1.055096
0.713660
0.357119
-0.006860
-0.371135
-0.728178
-1.070557
-1.392535
-1.688413
-1.953927
-2.187319
-2.386301
-2.550942
-2.680776
-2.776796
-2.840164
-2.871386
-2.871317
-2.841233
-2.781846
-2.693802
-2.578516
-2.437551
-2.273070
-2.087594
-1.883847
-1.665868
-1.436962
-1.200846
-0.961378
-0.721389
-0.483798
-0.250477
-0.022461
0.200051
0.417338
0.630356
0.839684
1.046488
1.250896
1.451747
1.648514
1.839522
2.021811
2.191590
2.344880
2.478042
2.586606
2.667340
2.716729
2.732865
2.714219
2.660136
2.570299
2.446275
2.289343
2.101871
1.886071
1.645491
1.382806
1.101452
0.805178
0.497462
0.182125
-0.137616
-0.457259
-0.773016
-1.081617
-1.378999
-1.661764
-1.926371
-2.170621
-2.391516
-2.587590
-2.757225
-2.898637
-3.011619
-3.094578
-3.147166
-3.168433
-3.157771
-3.114627
-3.038852
-2.929653
-2.787720
-2.612696
-2.405724
-2.168227
-1.902031
-1.609451
-1.293537
-0.957667
-0.606506
-0.243337
0.126460
0.497673
0.865666
1.224888
1.571277
1.899517
2.205890
2.485680
2.735163
2.950874
3.130105
3.270348
3.370093
3.429033
3.447885
3.427836
3.369724
3.276201
3.150244
2.994879
2.813613
2.609182
2.384472
2.141784
1.883489
1.610458
1.325103
1.027877
0.720546
0.404257
0.080827
-0.247442
-0.577510
-0.905413
-1.226381
-1.535260
-1.826619
-2.094312
-2.332846
-2.537494
-2.703695
-2.828428
-2.909291
-2.945790
-2.938496
-2.889544
-2.801852
-2.679458
-2.527565
-2.351253
-2.156224
-1.948766
-1.734259
-1.517673
-1.304492
-1.098305
-0.903434
-0.722486
-0.558015
-0.411909
-0.285319
-0.178552
-0.091648
-0.023753
0.026005
0.059701
0.079092
0.086238
0.083995
0.074651
0.061157
0.045037
0.028674
0.013156
-0.000416
-0.011384
-0.019185
-0.024148
-0.026082
-0.025777
-0.023542
-0.019998
-0.016282
-0.012657
-0.009382
-0.006602
-0.004335
-0.002659
-0.001510
-0.000885
-0.000248
-0.000190
